# Created by Octave 4.0.0, Fri Sep 22 11:31:04 2017 CEST <ffm@pc-ffm>
# name: M
# type: matrix
# rows: 225
# columns: 3
 8.575104 -6.8180084 5.21875
 7.5229797 -5.627823 4.011902
 4.9188538 -6.782303 2.7407837
 5.2568665 -8.360488999999999 1.7648315
 6.537506 -6.2657623 3.159729
 5.330658 -3.9782257 4.866455
 5.997162 -4.761368 6.3637085
 5.0783386 -6.149124 3.7738647
 4.028595 -5.6587677 1.0602417
 4.887909 -4.1829376 4.245178
 3.9309998 -5.601639 2.1099854
 6.1804504 -6.115799 4.3570557
 6.1542664 -5.770645 4.5736694
 6.2113953 -5.146988 3.954773
 6.825531 -6.399063 4.097595
 6.016205 -6.808487 3.4691772
 6.677948 -4.923233 3.390625
 7.84433 -6.679947 4.749817
 7.6491394 -5.853958 5.930481
 6.62796 -4.8565826 3.6334229
 6.863617 -5.1755524 2.902649
 7.3730164 -7.2798004 4.4594116
 7.3349304 -6.610916 3.8857422
 5.682953 -6.751358 3.4834595
 5.849579 -6.7608795 4.2523193
 5.6924744 -6.615677 3.050232
 6.4827576 -6.5871124 4.364197
 7.113556 -5.706375 5.0164185
 5.85672 -7.0798492 3.6976929
 5.444916 -6.50856 2.4075317
 6.711273 -5.627823 4.809326
 7.1635437 -5.430252 4.647461
 6.7898254 -5.28743 4.77124
 6.844574 -5.8706207 4.7355347
 6.8612366 -5.142227 4.461792
 6.3589783 -6.213394 5.5281982
 6.401825 -7.489273 4.590332
 6.7660217 -5.577835 4.7855225
 5.7567444 -6.879898 2.8121948
 5.497284 -5.4135895 4.392761
 7.275421 -4.96846 4.8164673
 5.978119 -5.230301 3.3215942
 5.8281555 -6.3752594 2.7526855
 6.8088684 -4.6233063 5.168762
 7.620575 -5.082718 5.2544556
 7.632477 -4.949417 5.161621
 6.8017273 -4.6947174 5.0164185
 6.901703 -6.815628 3.4906006
 7.7776794 -5.877762 4.102356
 7.33255 -5.0279694 3.454895
 6.5517883 -5.5564117 2.2980347
 7.0802307 -5.8372955 2.9645386
 6.3804016 -5.6302032 2.2980347
 6.3208923 -6.391922 2.293274
 6.587494 -6.641861 4.1761475
 7.249237 -6.218155 5.135437
 8.517975 -6.9465485 5.006897
 8.839325000000001 -5.794449 5.1568604
 9.186859 -4.5685577 5.449646
 9.603424 -4.8184967 5.642456
 9.38443 -4.268631 6.078064
 8.67746 -4.639969 5.28302
 8.337066999999999 -5.3874054 4.38562
 7.6634216 -5.8111115 3.2644653
 6.62558 -6.803726 2.0838013
 7.2135315 -6.0729523 3.076416
 6.4708557 -7.251236 1.7362671
 4.657013 -8.412857000000001 1.5482178
 5.5853577 -8.343826 1.2244873
 4.611786 -7.924881 1.7172241
 5.2259216 -6.3562164 1.1173706
 4.8712463 -6.168167 -0.1751709
 5.9447937 -6.9156036 2.4194336
 6.080475 -7.27742 4.7141113
 6.2066345 -6.44191 6.8969116
 2.469452 -9.212662 -1.3058472
 2.6336975 -8.381912 -0.22515869
 2.431366 -11.205032 -1.3915405
 3.002655 -6.0800934 2.0361938
 2.4480286 -10.455215 -1.2558594
 2.1219177 -12.109573 -0.08233643
 2.7789001 -10.245743 -0.33465576
 2.6336975 -9.986281999999999 -2.5341187
 4.759369 -9.407852 1.7862549
 1.9410095 -12.257156 -0.02044678
 2.9241028 -7.220291 3.4667969
 4.3666077 -8.558059999999999 2.2599487
 4.664154 -9.607803000000001 1.7172241
 5.935272 -8.396193999999999 1.1602173
 4.940277 -8.700882 2.678894
 6.037628 -8.162917999999999 1.2982788
 4.8283997 -8.281936999999999 2.7336426
 3.9857483 -8.286697 -0.8726196000000001
 6.1495056 -8.141495000000001 0.5246582
 3.733429 -8.334305000000001 -0.85595703
 6.0733337 -10.93367 -3.9813843
 3.8096008 -8.441421500000001 -0.7416992
 6.182831 -9.5125885 -2.8007202
 6.17807 -11.095535 -4.0456543
 6.5851135 -8.938919 -2.8031006
 6.337555 -10.388565 -2.581726
 6.4708557 -8.962723 -3.2910767
 5.9257507 -11.290726 -3.3101196
 6.337555 -8.727066000000001 -3.8409424
 6.1495056 -9.514969000000001 -3.9909058
 6.2566223 -8.591385000000001 -3.774292
 7.0397644 -7.746353 3.3096924
 7.33255 -7.0941315 1.3673096
 6.7445984 -10.002945 -1.4677124
 7.318268 -7.520218 0.88171387
 4.716522 -7.3559723 0.21520996
 5.311615 -8.443802 -0.7250366
 6.9136047 -8.955582 1.5363159
 4.599884 -10.557571 0.6055908
 4.868866 -9.976761 0.42944336
 7.677704 -3.3878937 1.8624268
 7.423004 -3.114151 2.2694702
 6.2447205 -5.8063507 6.8255005
 6.666046 -10.371902 0.6246338
 6.794586 -6.906082 0.54608154
 6.375641 -6.8441925 5.9066772
 6.2899475 -5.404068 6.430359
 6.43277 -6.0301056 5.866211
 5.4639587 -7.6392365 1.3601685
 5.742462 -7.258377 -1.1487427
 7.2658997 -7.2417145 2.0671387
 6.151886 -7.3178864 -1.6010132
 5.9043274 -7.053665 0.24377441
 5.5591736 -7.8820343 1.8909912
 5.516327 -7.451187 1.100708
 5.285431 -3.530716 4.6569824
 6.8469543 -6.839432 -1.7247925
 4.5070496 -2.0953522 5.4520264
 6.68985 -6.82753 -0.9963989
 6.811249 -10.467117 1.8243408
 7.4111023 -11.066971 2.9002686
 6.666046 -6.5299835 2.6360474
 6.332794 -8.49855 2.1885376
 7.056427 -6.903702 2.3146973
 5.85672 -7.6011505 0.32470703
 7.7134094 -9.086501999999999 1.1316528
 6.6827087 -7.962967 3.0073853
 5.6805725 -6.672806 2.0647583
 6.5137024 -8.743729 0.5508423
 7.6110535 -7.7868195 3.9143066
 8.106171 -7.66304 2.2313843
 6.49704 -5.0541534 3.4620361
 6.9945374 -5.2660065 3.4263306
 6.5851135 -4.878006 3.0859375
 6.139984 -5.6563873 1.8052979
 6.2375793 -8.555679 -0.06091309
 7.858612 -6.539505 2.5908203
 6.8207703 -6.5823517 1.2411499
 6.2590027 -9.90535 2.1004639
 7.870514 -6.1181793 1.43396
 6.3923035 -8.56282 2.5836792
 6.580353 -7.2559967 2.1837769
 6.94693 -5.9134674 3.9952393
 7.7062683 -6.020584 4.1118774
 8.529877000000001 -7.8177643 5.3829956
 6.9112244 -6.801346 2.762207
 8.851227 -5.661148 6.213745
 8.6631775 -9.507828 6.013794
 8.129974000000001 -8.829421999999999 7.387268
 6.544647 -7.739212 1.081665
 6.3399353 -5.839676 6.1399536
 5.2449646 -5.834915 0.8341064500000001
 7.677704 -6.8965607 2.8955078
 6.8921814 -7.5487823 1.6196289
 7.761017 -6.565689 2.5670166
 4.2309265 -4.0924835 2.659851
 4.6546326 -9.022232000000001 1.7386475
 5.8543396 -7.577347 -0.40130615
 6.8207703 -6.789444 0.888855
 6.0138245 -2.3024445 5.206848
 6.647003 -7.098892 2.7979126
 5.7829285 -2.2905426 4.711731
 6.647003 -7.303604 3.333496
 5.3973083 -2.7237701 4.3546753
 7.551544 -11.178848 -0.35845947
 8.6631775 -8.710402999999999 5.7233887
 7.165924 -11.100296 -0.14422607
 7.8371887 -8.412857000000001 5.6829224
 5.6020203 -9.491165000000001 -1.298706
 5.568695 -7.2298126 2.1742554
 5.887665 -7.5630646 4.0357056
 6.7469788 -10.659927 0.09143066
 6.223297 -6.115799 1.5029907
 5.4711 -9.888686999999999 -0.7178955
 6.4042053 -6.4395294 0.97216797
 5.3330383 -10.110062 -1.1796875
 6.5779724 -9.424515 2.1599731
 6.1376038 -7.579727 1.4958496
 6.201874 -6.6632843 3.3430176
 5.8352966 -8.124832 3.1906738
 6.677948 -9.096024 2.0266724
 6.780304 -9.1983795 2.0933228
 7.2397156 -9.243607000000001 2.0957031
 6.1685486 -6.403824 3.1192627
 5.7567444 -7.79158 3.1311646
 5.7829285 -6.737076 3.4644165
 5.5472717 -7.329788 1.9171753
 5.906708 -7.058426 1.9528809
 6.087616 -6.744217 2.179016
 5.9114685 -7.827286 1.9838257
 6.5541687 -6.944168 1.0602417
 5.671051 -7.636856 1.895752
 5.3354187 -7.394058 2.005249
 7.3087463 -8.653275000000001 0.36517334
 7.287323 -8.091507 -0.09661865
 6.6755676 -7.217911 0.29138184
 5.5068054 -6.410965 3.621521
 6.582733 -7.572586 1.69104
 5.356842 -9.236465000000001 2.5003662
 5.5710754 -7.860611 3.2263794
 5.6282043 -8.296219000000001 2.5622559
 7.3301697 -5.73732 2.2980347
 5.747223 -6.6132965 2.659851
 7.242096 -5.6325836 2.0004883
 7.2468567 -6.44191 1.9981079
 7.5158386 -6.713272 2.2861328
 7.737213 -5.9253693 1.7600708
 8.032379000000001 -6.422867 1.6719971
 7.787201 -5.7587433 2.0766602
 7.7895813 -5.8111115 2.0171509


# name: ans
# type: scalar
0


# name: filename
# type: sq_string
# elements: 1
# length: 33
../demoAccelerometerSample_1s.csv


